0
3
4
6
7
8
9
10
11
14
15
16
17
18
21
22
23
24
25
27
28
31
32
34
35
36
38
39
40
42
43
44
45
47
48
49
51
53
54
55
56
58
60
61
62
63
65
66
67
68
69
70
72
73
79
80
81
82
83
88
93
99
100
101
104
106
108
112
115
116
117
118
121
123
124
125
126
127
129
132
135
138
139
140
141
142
143
144
145
146
147
148
149
150
151
152
153
156
157
158
160
162
164
165
166
168
169
170
171
172
174
175
177
178
180
181
182
183
184
185
187
188
189
192
193
194
198
200
204
205
206
207
209
210
211
212
213
218
219
221
222
226
228
231
233
234
235
237
239
240
242
243
244
246
248
251
254
255
256
259
260
261
263
265
266
267
268
272
274
275
276
277
278
279
283
285
286
289
290
291
292
294
299
302
303
305
307
310
313
315
316
319
322
323
326
327
328
330
331
332
336
338
340
341
344
347
348
349
350
352
355
356
358
361
363
364
366
368
369
371
373
374
376
378
379
382
384
385
386
389
390
391
392
393
394
395
396
398
399
