6334
1322
7622
2345
8285
5669
5127
8289
2107
8344
8721
7104
2694
7461
738
8784
7215
8765
4636
4244
3845
5793
3279
3228
9426
7106
4461
1530
8792
3208
2610
7620
1283
3498
5212
4365
5770
7794
2266
480
8121
4021
811
5190
5439
8720
8693
9142
3536
9423
4822
8463
2157
6281
7223
8060
6803
5338
8339
3944
5027
6800
2215
9187
1995
9909
2430
4835
8190
2027
7233
2726
5255
8517
3603
2784
9652
3923
7528
8492
9563
7112
3476
3723
5972
971
4317
1412
5746
9587
5520
4252
1740
6495
6853
890
2403
697
2720
7386
2839
8764
6510
2173
3318
3359
6231
1361
3588
4908
3307
2960
6558
9074
2654
4136
1714
134
1549
9411
6524
3751
475
3316
3534
4728
3886
1471
2808
8015
6390
5858
9673
9934
5689
4395
5572
8913
7004
1822
8176
1673
4808
639
2661
8377
9668
4623
5817
1251
2699
4163
9051
1896
6866
3991
4954
214
7646
5553
3527
2269
3508
6369
554
3177
9286
2085
8447
40
6423
9065
3664
432
3853
8850
1193
1413
817
4712
5488
9556
405
1257
720
9835
7136
8690
2511
5162
7879
1099
2566
8981
7142
6122
6785
9703
6655
4255
5534
448
3641
1113
9482
5607
4681
9671
5221
1329
2202
5033
8585
5559
4667
3643
8742
2045
5375
7748
8984
404
6804
9403
431
4824
2295
9971
9826
878
6318
7256
1030
1527
5757
8502
4042
4689
6828
7561
5350
2762
2655
9499
1728
347
2492
9493
5158
7703
8150
1270
6110
8440
2219
9181
4484
1788
5986
7850
2479
1665
3
7319
6270
4265
3257
3597
3398
8852
6905
6233
5840
5615
1832
6850
5141
9397
978
8258
6881
1622
5919
6140
8302
2176
3073
9471
9988
6341
6207
79
9069
1570
4019
8725
8123
2494
118
6471
644
5674
9445
2573
1556
3978
740
1519
679
511
85
6735
873
9686
8253
9641
9510
154
8787
1027
6154
3528
3563
7554
3765
9621
1205
7132
6472
9893
5761
2798
1738
4548
8782
3996
5015
1255
3347
8599
682
9793
2673
972
3760
808
7406
1477
7754
8527
6819
1315
5754
2718
8295
4151
4554
7751
4397
1242
7543
1130
0
4740
9158
4601
3145
5547
5199
5287
3753
8580
6042
5895
2618
9126
7103
3730
3919
8759
6544
246
5664
4333
1118
767
3149
9029
8943
4817
7175
3122
4400
3778
2979
9738
2464
1053
4168
6891
7287
5299
7758
3020
9025
3424
5084
5741
5448
7789
5939
1069
7878
5763
2395
6779
9236
2406
336
2549
8016
9645
8771
6145
6174
3054
3547
7114
5420
1783
8
3340
7654
5106
1431
695
3850
8159
8970
4036
9398
929
338
7435
9651
9480
2530
2248
9270
7572
1758
3668
7443
9879
562
5419
3872
9532
384
9111
6942
8155
2777
3050
7937
2147
4131
481
6477
5798
7389
5501
4531
6533
6545
3479
9524
1131
3705
7825
593
6818
7086
5980
1706
7484
6121
4540
1514
7199
9948
5729
8951
3419
5007
4718
6580
2390
2267
200
5549
3708
6986
1990
7720
3698
6745
1048
1388
1757
1920
677
977
5541
1618
6129
5307
4359
9433
171
3518
8837
7379
9362
1362
5869
8462
4889
7886
6563
504
112
6155
6381
4985
6035
8899
2771
4936
8315
5586
3475
4231
8817
4067
7490
5013
5721
2088
4437
2529
7381
5554
7408
2862
302
2731
9157
627
3273
3046
493
9666
785
5635
8490
3716
6708
6150
719
6379
1408
9692
8774
7043
2866
2758
624
383
5182
5702
7023
319
5296
5600
179
9600
7881
4838
9455
5845
9906
6076
6179
1136
379
3704
1630
5402
7655
5874
8035
7661
9189
1489
6637
2112
594
8977
4963
2415
6039
2841
4423
3364
7766
6513
8657
4251
8832
6863
2186
8476
2972
2179
8160
4707
1025
3176
4381
2408
4730
9430
8829
844
4494
2930
1782
1766
2322
4387
102
6015
4617
1068
5320
1789
7167
5418
726
6924
5195
3246
4369
6754
8897
1837
1741
5455
1296
1234
1810
6360
5714
7039
2103
4238
7713
248
1395
5282
114
4476
401
4785
9825
7739
9186
5739
8556
8827
5153
7028
5300
5484
3731
7203
173
1210
6335
63
8647
7269
2443
3713
402
2087
6511
5623
2759
9242
8660
4111
8257
4046
1929
6111
1681
6419
8349
56
5376
8423
6839
8146
1915
9709
4047
3290
8033
5875
8335
9068
5309
103
6834
606
3822
663
1960
3931
3890
4726
5937
8663
5241
8312
2755
4827
9021
9309
2319
2947
8127
7681
5360
5833
2887
1421
9838
5768
410
4928
2222
9701
54
3592
6710
852
7284
6167
8229
9983
8910
4077
5865
5036
5098
561
5152
5101
5414
9448
9007
4635
4916
3065
6069
9466
4326
2192
399
6997
3893
4589
7857
8371
4083
8689
5853
4512
4214
1679
1842
9599
3140
3284
7819
2795
5332
8126
8270
1860
9359
4088
6269
5189
3662
2670
1765
8184
6135
8673
6091
4893
2828
4342
6877
1846
7081
89
830
2203
9099
8791
5847
5778
2969
9603
4890
1399
1036
8093
4988
5818
6797
2542
7146
334
795
3964
5139
4724
1524
8971
2853
6204
9001
7415
9606
7495
7912
8656
8763
7729
809
688
6698
1703
9112
3630
8551
7032
9503
3640
2135
2900
7000
6695
11
872
1312
2435
1353
2278
4639
8205
3948
2156
1587
172
1802
4510
1356
1306
2528
9109
6349
8670
8149
3151
7432
3974
1229
8170
4518
2703
6180
824
967
2152
6901
5539
4915
4770
1726
1188
6581
8933
9916
8383
4861
5611
7143
5260
2316
5053
9384
5314
4178
2318
1912
1155
5442
6526
4866
1595
78
6634
4304
680
2460
3412
2739
1441
9794
4446
3434
2365
875
7445
4966
506
5648
9737
2910
5157
874
4992
9811
4721
9169
1343
5390
4414
8234
7588
5453
2289
4296
8980
7862
1565
5675
6362
8219
869
560
8199
7685
7145
2035
6747
265
9851
1829
5469
7153
828
3544
9128
9259
5524
3094
8643
1923
2730
2429
7973
489
2995
2458
4573
5885
7305
7218
2050
1214
1186
8268
9449
9379
2582
3695
4704
8403
3985
4791
8905
549
7134
6607
7853
6788
4416
8044
4443
7012
6715
8831
1386
9486
2370
8543
5646
4561
9133
7712
8754
2105
1467
1791
5232
632
1473
4363
9257
5591
7352
9299
1577
8922
8635
7438
104
7984
7689
6568
371
8051
4180
9084
5382
5048
1593
4883
9271
7417
7562
4536
4059
9933
9149
1668
7192
8202
462
5297
9451
5870
136
9032
9591
36
240
9165
8676
1825
2438
1517
7714
7261
1965
4073
654
115
7684
7662
5966
2609
5518
2170
2537
4041
696
7235
586
8644
5713
7155
5478
5408
1719
923
841
2454
499
3953
5010
2761
4552
5647
5057
3386
101
73
141
5981
8247
6724
8505
8471
1561
5562
4645
9489
4946
4351
3411
4845
2034
7842
192
8466
7772
2878
839
7234
3119
8995
1223
3166
7414
4420
3210
1177
2626
3960
9096
3764
7782
4860
2934
5512
8749
742
305
4792
9817
8119
6562
3199
223
4264
9117
4253
4313
1397
107
3691
2677
7630
7755
4226
6229
4428
1454
3821
8412
8864
4608
6682
412
7033
2449
4612
6177
2999
4967
8413
2077
1093
9982
2687
2970
4534
8911
973
6684
1545
1464
9929
9611
966
7675
8220
5262
4705
6994
2594
807
446
9348
256
3877
2060
8965
8290
4192
7610
5223
2558
6147
2161
180
7506
5283
4651
4500
4216
2211
5594
5567
2391
8404
955
7711
7659
2932
5970
6032
1902
199
701
6870
53
3132
5899
898
2507
4445
8114
8017
7409
7005
9241
2975
4447
9702
8716
9572
8361
2352
5704
8147
7987
3000
1998
2264
1767
245
1398
1470
2274
3894
1541
9265
7835
7983
9297
8938
5510
9886
5901
6449
2221
3741
8624
4892
3860
6094
4394
7873
1773
8779
2373
9444
7627
7892
563
8712
9354
9273
9127
3178
5123
1925
3541
9788
8069
836
273
450
212
5733
6540
3690
9171
2539
4586
5045
947
1504
9824
9152
9392
832
9393
2870
769
2599
2417
6299
3788
1644
4633
3922
7896
3127
7615
296
731
2153
4759
4831
5176
5569
937
1513
2707
6851
4873
8778
5989
4058
4839
4929
575
2175
7126
5696
622
207
4039
4196
3568
490
5967
4870
4402
2279
6559
2901
4266
236
2885
9441
1260
9134
2199
2829
5892
3906
7859
6375
7633
8564
6292
755
8757
9356
9871
2452
4921
4854
4329
3604
8272
4480
7520
8473
6128
699
1139
5951
6300
2908
2708
3030
1275
2633
2069
9244
8989
920
2645
5810
7861
981
30
8587
7225
1359
4858
8250
9974
3167
7563
4430
7925
3701
6893
944
1762
1970
1839
1151
9192
4630
1019
9381
4281
5002
1330
3562
6617
6420
9326
2872
831
6586
3501
3013
1576
8296
8708
5209
5136
3157
4355
7224
389
4050
5447
2556
2959
6214
6333
4424
2051
4473
2121
652
5558
1396
6960
6183
8271
4457
4760
8667
2663
6729
7600
2545
6256
3235
6149
7193
3212
9000
1608
9469
991
6972
9022
9698
408
1109
9667
7778
8085
2922
7974
1435
5188
9872
858
9660
5616
8030
1476
7470
1047
9891
4318
1732
4399
764
4288
4509
325
3949
2167
9779
4797
1947
6352
6955
5347
3967
153
6908
1772
5998
6066
9576
3516
1943
866
4805
3469
9725
4837
4941
8651
1761
5571
1636
669
9052
2380
1071
8130
9166
1939
9038
3328
7116
7638
6047
5537
9627
1167
4092
3734
1701
8773
1161
3928
6235
8355
7507
8276
5631
4463
2469
7442
7632
4867
9344
4862
5438
1077
1867
4752
987
7724
2496
1725
3370
1871
2261
9368
804
1669
2574
3799
6401
4745
9711
8055
5581
6407
1458
6840
3218
2062
7299
2371
4872
8619
3514
3738
5047
6294
1994
2300
814
5126
5200
655
9683
9810
1055
1689
1597
2527
6706
2338
7190
3749
8777
6284
3895
6674
7719
4347
6113
2080
4116
5049
9699
6354
6974
3067
776
1280
3838
8612
4217
5210
6667
4514
1976
4014
4886
4774
3268
464
6416
1805
2678
5171
8976
3071
1001
6137
8231
7391
3378
1850
6696
9732
2712
1385
6243
8286
9383
1691
8117
3862
8106
1567
4743
99
733
9062
6181
5504
8279
1350
2133
5971
664
9583
8098
8627
2766
8593
2225
7559
5037
1122
9555
463
1211
4236
3377
2363
2692
5538
4739
8100
9714
6027
6443
1755
4943
9424
5641
5555
6291
3636
9011
4292
4422
8109
3320
6168
7242
8366
3418
4060
4221
6792
2457
5914
1084
1753
6991
4011
4574
964
1735
1008
896
4179
148
5301
9408
1840
9989
1004
4006
1667
2611
4174
6404
9917
5802
4176
2490
2426
933
5957
5850
4756
8045
8762
4746
5710
1272
2744
9249
7316
4602
9472
2952
7151
7423
2412
1957
4772
3729
4555
1564
6060
9159
3577
82
6995
4277
1831
3802
5368
1978
6534
4737
8617
5732
883
2814
488
7533
559
3368
3625
1342
4955
6509
7047
503
602
7119
9294
4380
3301
3367
3587
8567
7904
7595
787
9849
7552
9881
6730
4977
1020
9492
8666
510
362
2143
5093
9195
1124
1183
4465
8010
8870
835
4922
9781
2698
9900
8709
1639
2356
3836
7651
1924
5175
6945
4262
1786
943
1373
3283
9281
9329
7826
2456
363
1894
6241
7404
6912
528
5910
7526
7072
7388
8510
98
4546
415
7749
4821
3091
4996
6808
9944
5830
4054
2357
9161
577
777
6657
2039
4065
5540
3017
7501
7356
7157
3250
9718
3969
8655
3256
442
2859
8681
110
2446
1951
1722
1500
4882
1704
7011
4804
8711
2120
390
1516
3082
6936
7845
4005
6552
5067
3759
437
8052
6554
9693
95
1751
5725
3426
3103
6632
9528
7395
9791
9200
2840
3410
9114
5219
7637
1382
8879
4907
2081
4009
843
7130
3901
803
9897
7802
6184
6883
5804
6301
1138
7844
492
1809
6376
9121
7122
8661
9940
2044
3870
6071
8327
7843
8885
8319
3027
2855
6052
4909
5509
2650
3667
3557
1584
2325
3898
4832
8752
524
1284
922
9322
4307
181
5292
306
1184
2333
6826
8034
6312
6541
3628
6688
8637
380
9797
3873
3349
7809
428
3645
9382
7696
4654
9866
3775
8695
9120
6274
3095
5767
2615
6950
5521
6831
2571
3042
9386
7093
7764
1044
6198
8291
2785
9307
6114
7062
5619
5610
9908
4884
2601
4523
7665
7186
1729
6665
4056
7125
9928
8386
8461
5130
9139
4169
4007
8297
2994
1087
4520
969
1371
1017
6283
7328
3413
1479
926
2396
9174
5230
2547
1554
1404
6254
3379
1918
5076
4638
4336
5640
339
5744
1882
355
8569
3158
4560
5102
6987
2348
8822
9710
5475
8606
3817
1997
1638
9097
4852
1613
8872
6629
694
6746
9860
4149
638
28
1671
6886
5912
2735
612
5149
7811
3637
754
529
4932
4411
9525
4027
5548
6013
8957
5316
429
988
6539
9873
2241
8438
2831
3266
3346
2254
5954
251
498
941
6175
9762
759
9071
5963
1298
9199
5826
4161
3806
2238
8664
7041
5825
752
349
6726
2453
2595
5304
128
4657
3793
139
9269
3891
7304
3733
2636
3710
2335
3011
3249
5956
8387
6958
7759
3098
2180
497
8843
8739
5272
6619
4508
8985
798
2421
9289
1890
2281
1135
5886
5000
7282
9502
3449
6478
2769
2320
169
2659
5097
9446
6116
2725
4615
3075
8755
6456
1743
3609
3402
6616
7583
9624
2649
3314
3141
1763
9278
6227
3660
3869
2996
7321
1820
1168
1449
6489
579
3669
4139
5256
5920
1096
1501
5661
2313
2541
4374
1954
9061
1466
1194
1916
2235
7088
8019
182
5450
861
1928
1528
284
6771
827
8903
8534
1073
4460
9842
5120
1394
5133
3470
9248
5730
2288
6070
8996
4998
4809
4122
4224
2183
4761
9233
9304
4183
8659
4275
8120
8518
3812
3747
70
9800
5177
2437
9054
3590
507
2958
436
580
6151
6981
8057
8347
4087
3616
2672
3674
2523
2022
770
8369
1427
3120
9792
6795
9882
2676
314
958
4578
7040
3880
7216
9852
5023
9312
1847
7061
8581
4219
1628
1258
1
5950
8088
8953
8514
1585
5694
6288
6332
7882
535
928
2137
8054
4913
6591
197
7710
7927
4834
8287
8266
7476
1934
2364
8992
3464
8118
1313
1993
5753
1886
1490
9148
2214
8830
6196
9740
766
7667
6692
9198
6728
8862
2656
303
7485
5371
3675
394
6325
7289
8459
7717
1392
2476
3947
1836
4765
4969
6768
8545
5359
9546
3466
8029
5490
5860
5684
4029
4658
8175
2018
7875
4181
2344
9656
6793
5264
9287
9098
5711
800
6594
224
8917
8145
5308
1468
2326
1485
9723
3740
4976
9119
5094
6322
6965
9987
2535
5055
1688
35
4754
8214
7744
2760
9494
5340
9707
6492
675
4810
4245
4757
4466
741
4452
3593
1457
125
1160
2940
4257
9777
8451
3611
356
8641
8351
8891
9892
6280
4727
2665
6761
9754
3693
2503
9889
4368
1483
1748
7742
2874
6271
6418
3892
8064
8421
7205
7560
5546
7864
8809
1603
2500
3170
322
7902
8487
2195
4107
8134
9625
656
5923
7219
1807
3381
1824
7833
7338
9559
2071
2671
2223
6290
3661
5412
8955
315
8141
6879
765
2291
3971
2334
8810
6090
9350
4305
9601
7249
3688
1241
2166
8746
1759
6816
6705
3400
2342
853
8037
5043
5660
4393
4467
3578
2505
913
6370
5072
5964
7631
4626
4431
761
1901
8702
5904
8427
6315
2366
610
666
9296
1292
6447
6801
520
7847
5151
657
5953
1375
6200
7910
7935
1657
8043
5092
4794
8180
2563
7204
7553
6228
1905
3317
9846
4212
8063
6679
2962
8424
6425
6906
8379
7077
2865
9863
8415
1042
27
9543
2302
1878
4660
530
7229
6043
1616
7276
2826
7899
6117
8544
1116
8997
6317
3513
39
5638
3966
5119
8226
2394
2832
993
8959
7650
6240
8241
9095
812
2298
3330
5405
3902
1826
9935
3917
124
722
9789
2119
3487
4682
805
8886
167
9168
3786
4148
3943
8539
9672
2778
5530
5486
7567
9589
8978
2111
7450
3580
2635
4128
856
3941
1933
8343
3465
8730
6763
8500
4656
2531
3687
6681
7730
5343
647
7362
6400
7137
352
1677
9507
8494
3622
8194
7693
6004
1447
9374
5441
6024
2520
6030
5456
4273
4130
9813
9275
295
4958
1996
7248
8645
7418
4000
8876
477
7010
7133
4078
5198
8526
3618
5306
3835
7494
1499
5
6791
2621
4184
5837
7419
8077
930
1945
66
4375
2696
6165
2716
8877
4133
7682
4733
7329
4072
3441
634
5946
3889
949
3478
3222
6569
4577
2257
7067
7213
3685
6852
2134
3956
4120
3026
7020
9146
9176
8530
6424
1198
924
4918
8477
4937
1660
7698
1086
2851
2965
6970
8523
2628
1817
3271
7058
2944
1143
2889
5670
1843
876
9570
4557
7455
2011
9053
7692
7059
5385
4356
7505
6968
1162
5213
6860
6050
4366
1645
2933
8283
8737
5271
6757
9104
6232
8066
3252
5573
4551
7656
420
239
1411
4143
1821
6264
5357
8947
6907
3066
1261
7686
1835
954
2010
9859
5879
370
4580
6508
4662
6685
96
4080
9124
8939
5321
9425
3681
7412
3005
6583
7933
4026
1550
2271
7885
5237
8963
8565
8036
4731
9534
3369
8107
620
5128
5298
4109
1739
68
7042
8845
2863
8881
7402
6805
8578
3805
2803
5446
8314
316
6380
8430
5462
1196
5719
4973
9581
6732
9079
6302
1377
8935
7972
5707
1801
9172
313
8293
5164
8437
6789
4123
4569
6913
3090
7292
2789
2912
8576
4678
5583
4511
8465
975
7841
6194
3782
6136
7965
2024
1775
3223
3483
5791
1966
242
5132
7187
3575
7413
5001
8488
8781
447
4386
6660
6237
2114
228
9017
1661
2097
1764
3068
7449
1319
1684
6473
2416
5344
364
374
1856
3181
569
4171
9915
474
2939
1793
6903
880
8616
9447
4325
6598
9031
3874
8495
2956
5511
5797
8111
7138
5003
7209
3258
6773
6925
2653
3961
9019
9394
1123
2270
2100
3092
3841
3692
7099
3447
705
7735
3807
1090
7017
9700
1035
2774
589
2752
4568
3585
4367
5925
9387
8273
8972
6067
4241
7592
6638
6474
1014
406
4709
3032
5187
8631
244
2666
9953
8668
4074
8675
8122
6234
1227
496
1358
8508
1422
1752
5091
6644
92
3309
8795
277
9783
7672
4389
8509
1334
1858
706
9640
3571
1436
6822
6802
7371
735
8382
9834
1653
5028
4003
1215
4553
5335
1281
9626
9506
7265
3682
1314
8807
8484
2896
9521
3686
6107
8113
1737
6627
2004
6645
1367
9924
2973
215
5525
8566
4201
3678
3627
9129
5599
3774
6904
8799
5557
7643
2017
4848
2998
8751
2470
3245
833
5268
1863
4570
7089
217
3776
2131
7725
6697
4278
1159
784
5712
4350
6717
1085
5143
4256
7851
5246
9147
9453
291
6604
3932
5326
5417
4784
2801
7774
5522
3312
7960
8699
113
2713
7576
2509
6062
3165
1525
7579
8417
7109
9622
6551
1051
9047
8359
7405
4370
2191
6926
1015
8501
409
543
3310
283
7177
3798
7500
5444
849
4488
5645
508
2061
2488
8395
2948
8336
611
2189
2165
8691
8590
5029
9183
9400
6182
7761
4455
658
1523
2974
4590
7141
6476
5983
7245
8548
5617
4833
5247
7001
4468
8628
7934
1697
9314
4732
957
1955
8449
8326
7454
6999
1049
1363
3512
4606
6651
1841
818
1121
6620
9850
7301
7634
4698
9334
7296
4113
7625
6872
5142
5145
573
6195
7092
8168
7893
4106
9468
3911
9898
7589
1228
5681
9567
21
7596
9131
1548
1777
1007
3427
6984
961
218
5924
421
7970
5454
8028
38
7977
7752
8740
4291
8853
3553
6441
3306
9238
5440
1712
1787
6892
9931
5921
3951
7903
3773
2860
8439
9952
8435
4164
5411
3809
1376
1310
8068
4593
5222
3240
268
1419
419
2141
3857
8818
4706
4469
6368
4747
4435
3673
7045
1439
5836
9295
4776
4962
6898
1028
5202
8741
6132
1903
2929
8425
1173
8001
7118
4147
7798
5701
4243
793
1165
5832
2058
6087
1833
5643
902
3574
3455
9584
3909
1380
8097
2559
4679
9682
952
4260
7498
2869
4865
1088
3975
2915
8758
2337
1509
9462
1216
9155
5006
9679
4320
2040
5245
7793
2966
5528
1366
3373
3366
3700
5239
4684
8330
643
4079
1316
4101
3074
4811
6396
2305
323
9101
7320
9042
5941
6613
6152
5105
5302
8303
6596
4735
6939
7422
6890
5718
9932
1393
1266
342
310
422
8128
9216
187
1291
8169
4279
871
9044
4440
5948
1302
3925
8653
6172
5795
1357
6654
5595
1415
7266
5337
1558
2856
7339
9538
7895
6417
3305
5108
6259
164
8974
3545
3896
6120
26
2884
9136
8179
2053
968
5788
9670
6775
205
3846
7701
3129
5061
5630
7340
5471
9086
9214
2723
4093
2084
3937
9861
936
5609
9406
8298
1067
1209
5392
9132
6203
2014
1892
1024
5796
5167
9351
6206
4295
7483
3735
6573
9055
8768
7806
7722
1643
3482
2748
3745
4299
8277
5342
4700
6342
5186
2822
3436
629
7992
8095
4942
3406
7488
6083
2056
3548
8652
6602
4843
4361
8531
3112
2508
2667
7162
1016
4894
2015
6718
2343
2315
2705
2148
9220
8968
6983
9913
3976
8589
9190
8406
5443
7466
8142
5680
4140
877
4166
8966
7653
5238
1191
3800
9548
1263
9500
3797
2786
9317
6714
3792
8717
641
7439
8513
8389
6848
42
5366
8254
3602
4103
5487
8171
3757
1675
1868
4949
8682
621
704
1974
9048
5470
6239
912
247
885
9968
5016
9156
4081
5697
6584
3540
9843
5339
9550
9059
2273
7330
9870
8380
2583
3830
618
6737
4688
746
467
1381
2124
5273
1686
2244
4040
6612
6097
6589
9243
781
2691
1102
7795
4210
1734
7947
6910
5965
5784
6038
2419
6138
4871
7080
4637
9027
670
9035
2951
7799
440
6952
7241
454
3144
2926
2572
5632
7176
5751
745
9596
6133
3055
4857
3107
5060
8811
4220
7849
1182
7280
901
6031
5991
7617
544
2675
1634
7813
6845
630
441
1733
5461
1986
5415
9518
8020
9300
2400
74
4956
8623
6011
7760
4117
6454
1146
5913
1115
8605
4864
6741
3979
341
7836
4459
700
1150
3811
9427
3292
1873
57
3815
5649
676
796
1941
6725
8686
3584
6809
2809
8516
3866
4624
9003
9766
2374
1487
414
3275
3137
7364
2953
5492
9390
3089
1678
6108
3791
8987
3810
7060
6098
2158
9549
1812
3706
1792
6295
3161
5399
6020
8570
147
6549
5805
7424
1811
1365
1323
7346
5657
3552
7967
9687
9267
7611
4398
5808
4413
4879
1237
5785
6253
6326
4981
163
2212
1670
2145
3564
4496
2567
5140
9197
8014
1971
7226
9719
6064
1538
6949
9318
2690
5515
6502
3352
2913
725
5529
6846
127
4132
4880
8073
9845
5612
990
6134
3904
5821
5507
2209
4948
2420
9541
8804
9526
3072
2428
8738
6125
1975
8945
9705
7373
4947
452
598
6405
8677
67
1604
4959
13
8869
2644
3425
2126
4738
3116
7259
5194
7403
1379
4213
2877
351
1854
4464
4237
7773
3888
9253
7446
3286
5467
4993
7822
8065
4486
5290
1582
8448
9264
4410
289
2385
8783
5341
1702
5269
3383
7365
6446
6296
7777
6386
1013
7100
7410
1780
2242
6372
6988
8998
8304
999
5580
2660
3965
5769
7171
3453
2624
1106
5531
7566
9246
5134
9945
1294
2115
8105
2580
9569
1859
3451
6285
4150
6059
989
2873
1814
3727
3777
6460
234
523
4153
1693
7938
3123
387
335
5852
9401
7804
7273
8236
1409
9628
7584
9713
3376
5330
8067
6943
8443
5482
222
7427
1200
1056
4753
6979
1452
2800
5561
7257
2381
4521
2272
1321
4270
8275
9957
4409
3834
2362
918
1705
7876
9173
4331
8011
7917
4199
7636
5011
5017
1478
2577
5491
7513
6351
7521
2043
7351
8422
1559
6878
5065
4503
6262
8950
3583
3341
4766
2007
5295
1189
9862
2104
5849
8678
5216
9696
4052
6320
7517
3334
3401
6781
168
6835
3463
6124
3714
2783
7152
6008
8348
778
2740
5494
939
6609
9342
4780
105
8482
7166
5234
3915
3308
8638
3903
8895
9221
4415
7509
2590
8986
4572
3999
2587
648
3572
7591
1946
8428
8280
4121
2533
3193
2625
6054
2864
3321
4118
4842
667
7208
3114
3558
7715
3395
8021
1285
3274
7575
8262
62
5421
3772
1432
4920
8211
1889
3712
600
2168
7768
1311
7096
4671
343
7197
1685
1331
3881
9100
5782
9885
4154
5163
4209
6743
8284
3997
3322
5864
6940
8559
9046
8246
5025
1307
7605
7477
233
5505
1938
9352
3243
7549
7210
1271
3329
7741
8317
2981
3781
1596
6104
4286
9868
1690
5367
6998
3051
7858
3666
2756
4309
7721
4802
9285
8680
6496
7105
1459
900
5070
8048
5452
7909
5601
3058
3983
6625
7556
8713
3010
4345
1936
1818
8499
94
5265
927
8288
2763
3264
7940
9540
7070
9076
178
4031
1992
7480
4505
261
526
7907
9209
8096
7968
7624
9847
4910
8975
6115
8563
1354
1931
3407
3742
1171
6308
8649
3709
7635
7986
1553
623
1718
5806
9504
3509
8582
1059
7913
3215
4692
5536
3820
7668
1664
4931
3428
2236
1103
9090
773
500
1491
6247
5409
2099
411
5855
7278
7467
6548
106
8032
1166
5384
4715
9784
2905
2122
6585
3739
2290
859
7263
9551
1252
1869
4062
2868
1187
9008
4830
8260
6494
2893
6311
9006
5815
7288
747
9167
4403
5039
3561
2304
4640
4641
1853
7307
2906
547
1521
7101
6249
263
9535
4952
1046
5644
1192
5587
5823
2931
6964
558
7311
1708
3445
2205
6394
9081
3486
5801
1893
3554
8533
2517
5683
7479
1532
8887
816
1888
5659
1117
1052
5613
7073
1197
5685
5653
5336
4649
1204
288
8705
1544
4066
4703
8394
7705
9369
1977
7254
7447
368
7326
6928
5436
369
6409
8964
6662
7068
3175
5229
9026
3007
9487
7602
6321
7709
3537
3556
2216
5144
2462
7102
2480
3505
3105
3632
9014
4541
3619
7516
7889
1430
274
2309
2151
2484
4604
2837
2835
7323
5228
2260
5898
6448
1410
7805
921
3808
8414
2512
7149
8005
4825
8507
6356
2070
8825
6653
8480
5387
1039
4146
60
5481
6157
1879
1631
4332
5303
8442
5071
1615
9429
4994
1503
1760
5261
8696
6528
8672
5987
7962
3213
398
71
3201
2823
5009
6102
9865
8311
7971
7601
5252
789
599
3940
77
378
9371
7342
2033
7306
3732
3392
7769
5747
7731
4643
5699
9887
1724
3348
1560
4145
7812
6624
2902
9938
4664
501
2836
8012
8697
6304
8022
6759
2127
4781
1518
7475
9151
5129
6049
9554
2405
1426
9258
6716
4713
1580
1876
2355
1433
6028
18
4741
3918
2536
9828
6193
3599
7929
2753
6671
8342
4384
7353
4516
123
9962
2486
9985
9013
1488
1552
9188
4321
7335
6567
5807
3651
2597
1799
8091
4134
6914
1573
9629
2614
3839
9458
2680
3319
4581
5040
9291
6954
5257
2891
2409
6843
201
482
681
4987
50
7834
1389
6536
4254
9680
1866
7161
1169
3884
1391
5639
2911
3282
6911
2285
5046
76
5666
3950
5088
8432
2481
1348
914
3801
1440
4513
9108
3438
2229
2210
7302
8225
4917
6727
1981
317
5780
3128
9337
6382
7181
5073
4788
9303
8108
2253
4126
9939
783
397
4826
8390
3533
7360
7050
457
1778
8409
3423
8341
3702
6218
7169
1770
4379
3272
5997
8479
3084
4532
294
1808
2296
8309
8920
5042
9360
994
6794
8654
7518
8906
6045
2026
1522
8026
1309
9416
879
2483
7581
8915
7250
3188
715
8086
91
848
4229
7564
9266
3868
3153
7144
3689
6222
4097
6
5185
2358
2589
6118
9571
2796
8251
614
403
6491
6969
4693
8828
2275
6731
2048
2630
2954
5075
633
5393
5465
6021
532
1629
3096
8880
1484
4844
5270
8622
8365
8372
7147
6338
155
3586
938
2378
9143
3718
5323
1898
3057
8571
7840
9706
5790
953
2506
9324
534
83
527
137
8820
109
3990
5174
9491
6074
7745
479
9946
5432
9730
5207
5035
3522
6391
258
1075
6393
4974
521
6188
1245
2732
9439
2686
5709
1884
5887
3113
4686
2733
1448
2247
6989
8188
6493
5479
1578
603
7657
7870
2171
4485
3725
8591
2834
5820
1745
1956
5435
7268
7931
8446
2588
3715
9657
2162
9899
6820
8912
9620
9537
4800
8410
1640
216
4155
5928
2684
1989
1776
8452
6683
3043
8177
9566
7539
1781
7704
7757
4999
9923
3621
5240
1176
3779
9741
4653
2980
3302
90
5705
9443
6467
2459
7324
1456
1574
1800
9039
1179
3930
4876
6347
6389
129
5169
3555
8047
9585
6774
9232
8934
8207
9747
4957
1683
8138
6363
5944
5317
7558
4388
3362
8485
3203
8797
9103
5700
4069
2782
5940
2055
3015
7433
8925
6894
3295
9358
2867
22
3601
2193
584
3489
7829
1156
4680
1112
1620
7090
6005
5905
1277
1349
2518
4691
2293
5124
4711
9224
1297
8173
4008
9490
5908
4875
1913
8074
5979
9483
2036
6093
5618
8157
7512
5624
7293
2353
1707
7056
2722
6164
1709
6029
5819
1469
7482
487
8620
9361
3118
5952
8973
8824
7645
7460
3399
3784
367
8846
4357
281
8857
361
1434
4306
5154
3281
2332
9093
6678
7727
3579
515
2401
4597
7220
203
5110
4763
9880
253
2064
1378
6546
5008
4405
5897
9803
4549
8375
3992
5472
6361
9041
2016
287
7837
6106
2150
3327
8325
4911
9977
5431
6953
4600
4603
4105
6849
2245
6993
5191
8340
5900
2234
8650
625
7207
9975
9650
894
3510
4853
2658
9614
5328
6672
3018
4583
2164
8419
5977
2042
5863
8031
9185
3143
4764
382
2719
6258
8993
4250
9553
5178
2642
665
1240
1325
8549
9138
6937
2423
1079
3988
3833
6675
3680
5434
8529
2493
5161
3022
3388
227
1074
3783
9067
9009
1720
2640
3234
5829
5926
5973
8888
6767
8203
7609
7401
6033
9036
5236
6699
2627
727
4053
4652
4477
32
9819
7502
8836
9089
9130
3431
5389
1648
8080
8320
6131
5945
7954
1012
6649
3676
1351
2052
8200
9708
8242
9568
3016
6221
9634
1482
5099
3409
1065
5280
9926
6399
6464
6790
3848
3842
9818
3080
3200
2685
7201
9808
3905
4084
7127
8557
1885
8418
9608
7848
8684
1963
4025
2557
6515
760
5018
1236
2652
7787
4584
4258
5291
7573
4579
1694
4089
2575
9247
8919
7121
6861
6587
5286
93
9796
4339
7110
9951
3102
9116
5938
3311
2674
996
8823
3385
65
9530
4628
962
5984
7267
8522
7384
1687
393
1756
160
3380
7868
4013
6525
7285
6875
9058
552
7732
8956
8468
4986
3543
4625
9903
9607
8858
557
5116
3049
5225
9565
8796
7959
2068
2657
1529
6751
4613
5856
5285
6880
8940
3957
2307
7989
9107
3384
1128
7542
7453
779
9135
3110
6977
1864
6475
9239
587
3694
7762
5909
3980
2668
9377
5813
3462
6673
6992
1562
5552
2638
6593
7448
4676
8875
2524
1301
262
5193
2515
1345
897
2976
5851
8186
2414
1108
6345
8374
788
5074
6297
7468
3093
823
9160
7383
2482
9616
8598
763
6687
6605
9564
917
684
7821
2021
974
9646
1979
4605
275
3650
3231
88
4129
4924
1462
2106
7716
5637
9904
3843
9110
3263
3148
6765
7888
9841
6451
9060
5590
1360
3244
312
9717
1862
5752
5762
6859
80
7095
4315
5395
1546
1779
9829
6077
6784
3984
6364
7270
9727
1515
6286
4562
9434
4666
3160
5598
1423
1328
5671
3036
4068
6796
7780
2178
9949
9102
6298
5319
9574
9633
1101
815
8089
3442
1083
6163
8434
2598
1078
3566
555
9580
231
2030
721
2706
1849
8192
3360
4246
8942
864
1062
4719
7503
9529
9858
6371
8665
3679
4444
8901
41
692
1282
3099
5083
353
7079
4010
7253
9340
6191
4887
931
87
542
1264
4840
7030
1911
3743
9145
157
3179
2472
6643
8834
221
1806
1286
2181
1144
8212
4997
5799
5902
2532
7700
5034
8893
6427
86
1579
8103
7420
7009
1715
6016
111
3938
636
2898
4086
2787
9575
2092
1785
7185
6313
1754
9164
5131
5363
5565
2688
7598
9965
3803
6720
4768
9978
7026
2003
6307
9605
3654
3924
7196
1642
9422
6358
9203
4474
2643
9064
7863
6044
6812
1333
8636
44
5789
5429
6383
9736
208
4699
6618
8692
9154
7785
8040
4598
7790
4043
4975
7663
8727
2888
25
4599
472
6680
6868
5588
2858
8373
2046
4035
9643
6457
4454
5266
5215
3172
2555
9179
9617
9461
8182
2028
813
5781
8252
3056
6827
7649
3101
9364
225
9402
7708
892
9349
6500
7614
9769
8172
7322
5676
1324
7872
2063
6186
8819
6769
4535
2591
2432
9252
7957
2324
2329
8281
3638
3195
1246
7221
7496
5816
1218
8550
5563
3097
3420
3430
1142
7900
9785
2286
455
7613
7111
5857
4438
7382
718
9122
7865
3644
8969
5994
1486
8688
7463
6208
2240
7154
2768
45
8923
2467
4188
9389
3515
3293
1865
1295
6438
4360
4905
2728
7823
3126
1089
4186
1437
4442
4341
2540
1897
9802
4823
3761
7726
4471
6079
1895
1111
6346
9936
4663
1551
4940
3111
4734
976
1511
1744
6305
9365
3790
4308
2501
9370
5533
4419
6885
2246
3658
1534
9775
377
1043
6902
9630
3255
6640
668
395
6537
9260
7678
4193
1390
1022
9577
3573
9016
6522
9298
8800
5878
9201
4818
9335
9028
5745
3677
81
9178
1803
1881
270
1037
5930
6871
3717
3766
1633
854
3052
7129
6215
4971
8902
5893
4064
7452
3289
7639
3624
1991
193
3855
4620
4348
6374
6148
119
6957
7629
3683
3461
3135
1401
8154
6329
2991
3520
4885
9196
6445
7928
4406
1326
1625
5880
6529
7456
1158
2376
1742
2936
3494
1092
4441
6856
6010
1600
7980
5907
2990
5430
6053
7606
2844
6932
6600
456
3647
8685
8878
5474
8050
424
6713
2440
5118
3171
8931
1623
2543
8892
4324
8354
4755
3064
5890
6414
8607
5254
8946
8450
5334
142
2616
7300
1230
5922
6303
7318
1768
7212
2648
7976
5050
97
6656
6359
365
4498
177
3048
9177
7852
4248
7803
7969
4622
1010
5277
790
5827
540
9485
3269
5969
1403
7163
6141
3004
1248
3214
1400
7444
9770
564
8027
1935
6854
1569
8004
4850
3325
7536
9821
7647
6556
299
5728
3885
9544
2372
3173
8528
2916
1589
3265
4346
7159
3796
2059
2230
3163
9907
3758
8352
2871
7260
4167
9141
9228
7188
2037
8136
7800
4720
6367
9595
8227
757
4451
7317
5160
5929
7545
8392
855
423
5364
548
4385
1649
891
7206
7372
8115
9421
4899
6282
2927
5466
9222
2382
209
3722
5651
8401
886
9716
9123
8441
7472
9966
6770
8240
6566
1883
7191
1632
6429
4075
7281
6561
7489
4061
1225
8072
51
9681
8158
2747
4526
7283
3945
2845
5679
7027
8844
4687
8416
4323
9648
7378
7765
2073
1256
8932
194
7996
1370
3634
2639
7623
6636
6807
5449
8163
9665
3044
8916
210
3339
7890
4798
3816
8583
9830
5655
2819
5214
5289
7915
8572
2963
4690
6899
3613
4965
8062
3440
6930
6216
3767
4851
8520
8839
3670
5386
1147
5779
9288
2982
282
1877
3078
2387
6099
267
3861
7124
6798
1148
159
7952
6387
6776
150
1320
5960
7064
7988
3582
5445
9812
7616
9004
5760
7024
8129
184
2277
9385
6895
219
1050
7994
942
5848
9981
5104
3070
8789
4434
3104
7411
5165
5069
698
7570
568
3270
3936
237
1919
7396
3454
2495
7718
4082
6257
396
8736
538
4156
9261
3083
5113
4489
4778
8429
3910
2683
4352
9659
8722
6917
2742
8930
9890
3125
3485
3405
1299
8420
4016
2592
3529
3146
3391
152
5032
2256
9684
8573
4294
9414
4234
9452
5090
2255
4028
4504
1175
6762
3300
1834
2993
4902
617
7699
728
9331
514
5030
2794
9284
2617
2311
5391
1985
1848
3029
1813
2359
9355
7308
5381
6553
870
3374
7295
3002
4618
332
4493
3185
6701
8602
8256
9343
7673
484
6572
9685
8909
9465
3963
3610
9231
5698
6089
1961
5345
9536
9631
2019
2978
2005
9180
3986
4177
3196
8894
7075
5551
2422
4982
2129
8560
495
4499
7856
5056
8183
7038
2375
9592
6189
1601
4449
6289
7831
34
8009
8483
712
1674
7471
7919
7228
2201
4152
318
5992
2078
3517
375
9767
8842
366
4462
1009
4685
3598
4371
3152
2538
6278
2188
1185
3497
2187
1904
1054
3829
9066
6652
4566
2323
6622
685
6606
5146
1505
9330
2125
5085
8083
2224
7688
2049
7621
2522
7363
3728
6433
4914
4783
6287
3174
491
4382
4674
4984
2287
3607
2736
8133
1289
5253
4627
2190
4533
9752
1405
8223
9018
2233
8472
868
1796
2136
3875
6220
2702
5155
2945
1972
2629
6578
6209
4293
9417
3408
6142
3217
819
8618
6608
3831
3224
5370
2604
9804
9306
1816
2729
4596
4235
6185
2251
5044
9649
7076
7031
7866
3538
3746
2182
279
616
7002
2502
6250
7481
9720
8579
7021
6442
360
6721
3524
4722
9292
556
3063
595
8683
8790
4301
7747
4158
739
7603
4378
6199
2967
7956
7680
1536
6971
4170
3280
9346
2139
6242
3720
2843
615
3198
3437
9562
5932
7168
9020
660
229
1874
8732
6626
6212
8588
4261
7905
2521
5401
6837
7535
5180
5463
5406
825
1713
9513
1602
6437
3864
9517
140
6202
5626
7341
3785
8854
4758
4247
7367
1526
4202
5621
2163
4888
5959
3899
3156
4165
3612
4185
4695
4750
1591
7746
2196
4559
2914
1451
8456
1339
5313
4453
9756
6507
2569
8610
4944
6669
662
5720
2117
8362
2741
4621
9333
2347
7459
9806
9113
9746
8474
7538
3699
9856
736
6426
3993
6615
4544
5654
9609
4522
7551
468
5903
4939
5322
5203
3331
4527
8201
330
7978
8230
862
8489
5715
1575
7097
5934
5249
2218
4793
2194
3162
4383
6272
5284
3526
9436
881
2259
9276
345
6927
4803
6694
7784
9321
7298
9539
2231
1887
6497
9496
8926
8131
4327
9254
3748
6832
7057
8798
2402
3639
8405
3496
4717
1666
9106
8710
3117
7376
3458
8511
4429
2950
1493
2909
1917
9689
8873
8833
1875
3356
9191
3589
9947
3959
7025
2903
9967
4926
982
6542
1338
9075
3847
3139
4195
3859
5137
3614
1717
9363
8707
9478
5168
7019
6557
8300
6663
9969
6158
8278
9760
6481
1005
1226
7380
6266
1207
8363
7183
7911
3787
64
5735
9602
5173
6461
3227
3414
946
7115
4232
4282
7084
1656
3088
3646
2811
4507
3726
1950
2399
5566
8331
5079
4697
2065
7898
5197
8629
2854
3375
3883
5063
6415
1259
4751
453
6388
6862
7669
5519
3912
3605
4276
4458
5876
9034
6103
8700
5688
4585
5464
3297
7949
9338
6123
683
9782
9768
5012
2983
4127
9085
9930
2089
965
7936
7687
1795
8838
8101
8144
1804
7315
5868
20
2204
7123
3159
2895
6100
1265
4091
7236
6176
1224
5550
2461
3389
333
3197
202
5843
7728
574
5682
7430
7046
689
8562
2842
9376
470
2812
7194
8788
7894
7574
2797
6466
5568
5656
1352
9277
7217
6348
4418
7313
4895
2697
1304
1369
1930
3914
3446
588
52
5873
2907
8537
8546
4614
2001
1910
9598
9833
9588
6864
5172
4240
6748
4135
3921
5846
5103
7054
3291
6323
9484
4782
5877
9470
8259
3762
5433
1494
8648
887
8332
8071
7425
6722
2815
6938
3336
4769
9884
7926
8301
4859
3994
1891
1568
2997
9986
5999
948
9942
7309
29
8245
1308
418
2880
2197
1076
576
7922
7048
486
3780
72
6582
8863
1368
4878
3707
1034
7294
7540
2802
3569
435
9481
2149
3184
7029
5250
4095
9308
3523
8384
4576
206
9234
9215
7569
5251
6519
2074
1900
6057
3560
4588
6480
3954
3304
5356
4427
1571
8719
388
324
6408
3288
2833
2330
7036
7946
9431
983
2284
613
3456
1497
1746
8532
5872
4714
8958
6887
4119
2637
2475
257
6452
645
1646
5993
37
8398
2968
9743
2303
6543
3551
6884
9512
4274
6339
748
1968
196
2341
6355
8744
6384
581
4519
7214
5884
5500
5814
8658
1235
3595
9012
2791
846
2681
5686
9642
3124
5038
1980
9223
3251
413
2788
4002
3907
9675
4829
5859
7514
7619
2941
8614
9561
9864
8092
8196
4696
3191
2057
7883
2433
3047
2977
1026
5794
3085
1586
908
851
9590
2883
4425
3865
716
4868
1081
328
2816
61
4094
2513
1268
7690
9274
4223
642
6777
723
4401
5811
3285
5667
1922
6085
6623
3150
3053
5400
4582
1276
5243
5717
6455
1619
5293
5605
1029
9901
1682
7091
8396
8979
433
7590
7370
6547
9943
1344
9955
1011
4575
8321
1347
5403
4610
9970
8232
1654
5642
6432
7523
1906
8397
2276
8454
8595
4668
3823
8338
9722
6293
9087
8747
438
1498
7582
7958
8376
8082
1442
6810
3204
4233
8554
8767
1203
9755
3109
960
5281
8206
5201
1855
9676
3789
7906
259
659
9063
2546
9420
6263
9219
9280
2737
6518
8960
7440
9082
15
2516
69
6874
2499
3253
5217
5677
5916
7797
8541
9911
8806
9345
6337
3221
8990
494
6353
8124
4022
3435
8883
2239
8723
8006
183
8982
407
5786
2448
2894
2321
1287
5523
6440
910
5933
4475
7932
2047
2899
5614
1507
9399
9844
1384
8634
354
4979
8102
7398
7981
3229
5516
8445
6630
1609
512
5506
9207
1239
8137
2647
4124
1463
9973
631
3882
1948
3867
9688
2669
838
7955
3226
4377
460
7437
6213
5759
5150
1872
7779
7431
7568
3041
2159
2466
3421
9328
1006
9320
932
9520
9213
6535
1107
2471
6601
591
5764
9984
3343
2312
9612
9751
1040
7510
7135
7291
9388
5652
2790
8059
4104
3394
4846
3033
8642
7593
9211
1588
518
3852
4362
6531
8584
1542
1624
9902
1120
6470
9799
5722
3840
5756
2336
7434
711
1672
2824
6575
445
235
9855
4565
1937
4964
2066
7854
8087
8840
1721
4032
252
9432
8244
7366
997
9336
6314
8453
7901
3061
5329
8018
7788
4528
7587
3576
5792
1058
5324
9235
1520
9194
6783
9245
8535
4787
3633
23
4228
6319
8999
4927
6046
3236
9037
2102
5404
4271
7499
9773
8075
8094
5974
6760
6092
3826
3970
2825
6935
3276
4284
2082
3642
9654
3344
7818
1244
7491
5497
451
6896
2813
4051
1533
7817
8475
6659
266
686
9876
2434
6468
8776
2350
1429
9010
8907
5532
8393
8621
9735
1492
4439
7182
5627
4334
2031
4479
782
8525
4616
1572
4517
1383
7457
6738
7923
2525
3031
8135
4024
8706
9
550
6336
5917
9771
230
4786
8313
3345
9162
799
3121
1698
5896
6766
9545
5844
1335
992
220
1133
8615
3357
4556
7664
9894
4881
8815
899
8042
5927
8357
6109
9206
3871
254
2306
4991
5976
7063
2882
3238
2477
4159
5259
1650
2299
4543
6166
1838
7991
1662
7465
756
1982
5723
1774
2679
9310
3019
5112
6700
2431
3488
9459
8497
5542
7756
6676
3962
3086
5374
9632
3014
9305
6009
3443
8726
6838
8402
213
1472
5988
9662
4141
9302
6677
4945
255
8388
47
350
7547
1219
2020
4408
8378
4777
661
5584
2890
3247
1372
8640
5633
8464
2023
3260
4930
6603
161
3168
5835
5658
1962
2957
6597
2928
5740
2301
4558
5062
7999
6550
7736
5748
2562
6650
9557
8633
7052
4972
2631
2465
6631
786
9193
373
8504
7393
149
5424
3856
4648
9514
9072
2096
3180
9542
4426
8890
7286
3827
1823
7174
3879
3194
2310
9875
8611
9677
7195
7474
2779
2709
4919
6002
2258
2724
7792
3756
5575
9731
7877
5428
5276
3981
4970
3187
8808
5483
9610
2243
9205
7044
158
553
2852
1964
5574
5947
8743
6565
4501
1655
3467
4815
5985
8577
734
190
2918
9226
5147
8023
2544
8197
5005
4175
1731
2091
9748
6946
8967
2738
1465
5354
6869
4242
6276
1590
6707
1446
3825
2008
8924
9910
6065
7069
4076
9516
3549
6739
6614
1496
6041
6171
6847
5493
6778
8198
1692
9950
710
241
1273
4669
6787
9877
2292
8216
1154
7375
9653
3623
3416
3565
1606
768
2550
4115
6512
7416
628
8575
8210
5362
906
4071
9002
3626
3429
8540
1641
7763
9092
6101
3844
7599
3008
4142
6068
5426
7531
7332
7492
1495
100
8140
2793
3503
7597
797
9959
8235
6026
9749
6966
6888
7921
7544
7387
1659
6844
4490
2427
6755
9778
8148
5117
7350
6959
9636
1959
189
6709
9250
5233
2369
7942
2554
9878
6458
8486
7691
198
539
1249
9814
1598
5838
4773
8715
7198
8515
2632
5379
6691
2009
6876
4801
1091
6975
5673
780
5388
5888
3804
3303
7022
10
2578
2249
3147
9073
2072
9776
5279
8455
7963
4285
604
6037
3087
2818
7279
9963
2943
821
1153
2695
4110
17
2487
1247
1341
7594
9594
2388
2455
1217
9105
9495
9435
3550
9474
2920
6178
1857
122
6444
3387
8769
5687
3629
4300
4538
6976
6588
5867
9227
9415
1819
2925
5242
4280
7255
1612
1141
2711
2850
3202
1132
572
531
7880
5692
7964
5348
2314
7683
4343
6453
5842
5416
9088
863
9070
7486
9391
1180
3507
935
9413
3450
9091
321
5962
3851
5918
9790
5496
5592
5629
5278
400
2367
9467
5526
8213
963
8597
7049
9050
7733
8307
8316
8498
8049
6873
8191
3615
8698
6929
6130
2489
7985
4020
509
6882
5205
6385
9837
3358
9033
5622
2568
300
1253
2226
1290
1233
6590
1070
5258
7830
5737
5766
7247
3998
6921
3635
1178
4358
3209
6127
2514
301
9669
9442
4748
1512
7148
5602
8766
9798
8855
5772
4904
9405
8053
9593
7008
3422
1988
8536
3294
9341
9925
6661
1594
678
6823
6628
8524
2172
6756
8444
8255
144
5054
7530
1000
425
9694
829
3795
7274
8954
6821
2086
3750
7310
6944
2110
5121
5576
9353
1531
2297
6599
2921
5691
2207
2138
5995
2662
8436
7222
5026
1647
6865
75
7264
9418
7944
14
3665
4338
4448
4112
3559
3955
466
6469
822
2000
6967
5949
4482
5706
8151
5727
7786
3531
3079
6365
5425
8481
5355
8491
9805
4302
1163
2441
6961
7034
7557
5100
6985
6462
8274
8841
5274
2006
3532
4897
3472
2101
8848
6170
7753
7327
1676
9202
8261
8318
3648
485
1232
31
381
4855
8460
5004
84
6267
4749
5663
4055
9795
9822
5499
7702
6252
2613
5579
6764
2398
9450
6670
6919
7578
2213
8181
7251
7814
3837
6973
3744
4524
6162
4225
8189
4249
186
4506
6439
3040
9726
1652
8937
1844
3977
6485
1213
8399
4085
5024
4990
166
4796
3459
4290
9854
7916
1406
8871
3060
6001
2988
6980
8503
2919
8949
5891
5310
1100
8802
8626
3034
8941
5620
9937
1269
2328
6080
4197
3108
7641
1061
8164
2445
5822
8070
5502
5413
3913
2140
1555
7950
1267
5019
8734
985
5081
3491
2252
6340
6357
772
2689
4206
4337
2560
1181
3134
5064
5377
5990
945
7238
8770
5513
5423
6095
2346
3206
2651
2283
4125
3876
5578
6527
4194
3542
7555
1021
1583
7695
2715
5208
7178
1231
4609
4100
9920
9367
3908
646
6078
1125
1535
2553
6560
2821
753
2765
9774
8521
8794
5650
8411
7464
7527
9395
6211
3242
3480
1455
4483
3484
6488
9477
9763
582
8805
8024
8745
9210
5749
2169
4951
826
5931
9137
1098
5211
7290
5166
6327
4790
7810
8793
146
6889
1445
7303
2584
1443
6328
6841
8753
6723
4404
6225
9816
2308
707
9327
6058
2961
6514
6923
7791
3457
9230
3736
1450
5535
4701
5765
6344
9078
5358
6642
5196
3220
8785
1221
6570
6096
9547
1195
376
1599
6830
5894
6190
7013
4670
1140
3656
4607
471
6520
3525
7860
7990
956
857
4267
4819
5170
3133
9501
5114
4644
7359
4138
8079
7801
585
7170
5943
7737
5668
8265
6238
8208
6693
7995
4828
1607
1771
4661
6744
5597
9758
8269
1416
7368
443
847
311
7953
1967
6411
7179
3232
3819
6450
1094
1557
672
9597
204
3724
1033
3035
5968
8884
1460
6223
4665
9380
8896
5041
6909
2772
7098
9857
1543
7325
1942
950
986
1749
9515
8076
8679
7354
272
3037
4545
2646
5935
9874
4207
1082
8433
6916
5776
7055
483
3500
4191
566
2727
8900
6915
8701
905
1300
4
1617
9655
2606
6410
8780
3324
5458
5468
4364
6740
9839
1212
1815
5672
9024
1949
2971
4874
7832
5703
4771
2351
24
744
2721
4595
7297
1699
6251
2478
8674
2093
7515
8081
5771
9315
3390
2986
8921
4012
7369
4038
6752
2404
8238
5407
5122
1254
2144
2773
8761
5312
4392
7113
8112
9456
8058
6933
9237
9378
385
16
5608
3136
2892
8519
674
3490
1852
6918
1797
6666
2596
3337
6897
802
8099
7232
8185
2848
5678
9578
3493
5148
7707
3059
7399
1626
4647
7626
5294
1199
9030
5107
8994
845
6712
9419
1172
7211
5716
7644
4349
4070
133
7347
465
6750
5021
7532
8704
3219
7966
7441
1402
7577
6088
2861
6434
2820
4487
4144
837
1750
8306
6187
3672
5803
3439
2497
6498
2519
7074
1274
121
430
2174
6858
6948
8187
3355
6499
2693
7979
5495
801
3471
9690
6487
211
7838
9410
2083
4989
9869
6592
3878
4373
7939
2989
3968
5589
8167
5812
1480
7571
4208
8983
6048
6402
1095
7184
5181
4335
7550
2600
1208
1063
4396
626
2827
3239
9827
1003
608
635
9807
9820
9619
4807
7343
4049
7891
5318
8039
3062
8292
6758
9780
3155
7816
1332
9765
6857
3287
7652
5244
3606
7361
5351
8078
1592
9715
2413
9961
1540
2897
7677
250
3342
2013
1080
3045
9438
6504
3495
271
5708
7051
8457
5545
9895
8267
1041
176
5059
9428
4017
6146
4090
9283
8865
1481
5476
3519
6397
8110
6610
3444
2094
758
2397
2331
8835
1461
6395
2128
7237
7948
8367
3332
8333
2593
1769
7993
3952
5773
7676
9279
3649
3211
7706
4311
3671
6465
3299
2857
6006
4063
8431
951
3916
226
8936
4102
6012
6366
3241
8714
8237
8803
344
9473
3958
2751
4491
9262
9647
9560
6430
1206
1798
3600
1278
3711
4344
2746
1032
5871
1105
9212
5267
9040
4421
6813
4433
7473
3546
7131
48
2743
8125
9527
5365
1318
4340
170
6018
1337
9635
3393
3927
9786
46
8512
3131
4157
2386
4672
2805
2602
8904
6139
2498
5881
7924
1605
1621
5087
8345
2776
7349
264
2581
4847
9695
7015
8469
6061
1045
6310
1250
3350
4655
9497
3939
5460
8282
5369
126
6324
2955
6523
3929
7767
842
3315
2992
5755
6436
7312
4287
984
5082
1696
2113
4417
8874
1999
9958
9573
7607
5477
4114
6226
6734
5396
7930
6824
522
9883
7941
9015
131
8866
7348
4390
1870
1444
2749
820
2830
476
1202
5325
4856
4230
597
7827
7783
1428
2838
4813
6019
2904
2491
980
8322
297
2198
7679
1097
7871
4189
7478
2228
7796
4587
8630
2132
9728
7945
9319
3995
4297
3942
7750
751
2810
7846
6532
6373
6996
8299
3192
8632
3824
8310
9182
3403
5231
9867
6403
9488
9519
2217
4096
6119
5636
7628
3591
3972
6169
4015
5775
2987
9582
5824
8718
5397
3069
3849
5014
5514
7519
386
6201
8007
8215
2946
4407
907
2012
391
9927
3752
7239
1973
5451
9522
8000
8775
2442
4204
6538
3323
7436
2949
3653
9954
5503
6501
280
525
6422
3081
9757
7658
6633
6733
7407
6646
1152
6084
4432
2935
3372
4673
3897
3721
9170
2985
8056
2410
3989
9664
8821
1506
502
7014
5427
2552
3371
2817
7775
1453
9407
8724
3521
1927
4018
2075
2155
5179
1374
601
3934
609
649
4481
5783
2534
2263
6571
4849
116
7511
4162
7231
724
3205
156
6956
7771
8174
3535
5996
8467
7006
7202
8814
4592
7016
5398
9980
5961
9976
7421
6036
6719
2579
934
1134
3863
7277
3448
348
1279
359
8038
8889
1438
1851
138
519
8568
8594
6261
4160
260
7808
6963
9922
8639
6063
1288
6782
12
7908
5556
9972
4322
1880
7914
3267
293
5327
8908
326
357
2079
9357
243
6772
1137
9914
1220
3432
979
3115
596
7961
4729
5288
6842
4708
7246
2564
750
3433
3023
9005
7469
8506
2339
5058
1680
3216
4900
1827
1784
7770
8868
2116
2754
9056
1305
7565
7107
7537
637
1716
191
4203
3617
329
8600
9691
4312
3077
4563
8364
546
6173
7087
9623
8193
5192
8861
4033
9372
9724
4239
2468
4901
2775
6331
5834
9531
7671
717
5111
536
2208
9396
2360
3106
444
2425
1170
5204
2384
9208
4863
9836
427
5115
5787
6014
8132
9083
416
1547
2504
4472
1317
249
5346
1651
6000
5883
1984
8558
6463
6686
4227
9463
9919
7139
9831
331
4594
6034
4912
8772
6273
9753
4218
7173
2444
7524
9150
8228
304
5603
3169
5066
232
3684
7807
120
8608
7189
995
6635
3755
2619
5206
6521
7541
4806
3504
2220
3009
2123
4525
3460
8195
4542
4328
6639
3021
426
4353
6377
461
7240
7743
2038
4896
3415
730
7546
8002
6780
7244
4316
5184
6086
2623
2262
3794
6484
2849
8233
2561
4642
2757
3028
2090
2109
7258
3737
4611
2876
3130
3696
834
4980
8143
8222
3854
3237
1711
5634
2570
3254
2177
9956
6749
2450
4450
1747
7374
1407
9508
2585
3657
2206
1336
583
1072
6160
3233
1510
1064
7612
7390
6421
4259
8687
162
6316
6055
6007
6825
7150
2200
8547
2407
3012
5263
1425
4205
3001
4775
4001
4906
3652
9313
6806
1828
5022
3982
5218
7697
7262
9505
3900
392
9404
9840
2118
551
3769
9437
434
3581
6574
2526
6978
3539
6246
2576
269
1736
3207
6947
2799
7781
4211
1424
8851
449
762
2924
2846
5911
1327
3326
4172
5982
7943
533
5031
513
7053
3492
1149
5349
9815
2160
806
3361
7394
5315
7334
6799
9832
5800
9678
545
108
4619
6742
6431
1944
9023
7392
5220
9255
2984
4530
9558
3926
9764
5480
7608
3335
2750
6082
3277
6736
439
7
1969
4037
9809
4933
1794
3659
7548
7158
6516
5662
7065
4004
8305
6711
9057
5473
6343
8729
8337
708
2265
3935
5227
4182
417
49
2327
6051
8669
7035
358
8646
2076
3832
4814
238
6159
8553
4412
1145
5078
7666
1921
970
884
4537
1164
743
8552
5936
7738
2781
7982
5585
6564
9225
6641
6982
729
6153
2923
1262
4048
5498
3770
8350
1023
2634
4492
4173
188
8013
925
2294
3596
6922
6219
33
7828
4539
9475
8025
2847
6811
9204
7271
3164
6459
5841
9290
6268
346
7855
5560
1861
5570
2095
6056
619
2700
2764
4310
3038
9511
1002
9905
7385
7094
1119
9218
5080
9479
1932
1414
43
5942
145
6277
9251
6836
8370
8153
3190
8603
1387
5311
4495
4283
8928
8008
8918
4571
4200
5862
2280
320
919
6506
4515
7120
4215
8217
3477
7003
541
2586
850
6022
9979
2268
5628
911
6753
1364
7344
9118
4799
7824
2770
8662
7660
7314
5361
3186
5758
2704
6161
9750
327
9323
5731
8308
5517
4030
7230
4742
4953
3828
505
5738
7497
749
6576
1104
9729
5593
4938
888
5125
1129
8243
8728
2792
8735
6143
8381
7951
8898
298
2361
9043
9316
8239
9366
6990
2232
3025
9498
7071
2282
8613
2879
9896
8360
8334
473
4268
4950
8816
4631
9457
4098
2964
959
8952
4816
5831
9912
570
2025
2424
1723
9941
6224
1958
5809
3230
6505
6003
3818
7428
4744
3363
2054
7018
2710
6690
8046
151
3138
7007
9229
7243
895
6829
5096
7336
6962
4795
143
690
882
4960
9412
6260
9734
292
4634
1066
1031
3404
1127
5051
9823
9509
8625
3298
1018
2185
8264
2875
7180
8116
5457
4045
2612
1926
840
4995
308
3814
2551
9268
9282
8294
6205
8353
3452
592
702
5410
5978
9761
4891
4319
2447
7272
9080
8003
4925
1987
1566
8731
9960
3697
2937
4725
7082
5958
7400
7164
2340
9375
9094
3768
2411
4502
6330
4934
6931
3608
9373
5333
6490
2154
58
5508
1909
6073
6105
2098
4330
1700
8574
5378
9848
6040
307
1983
4436
6428
8041
7085
5383
3024
4702
6126
2607
9853
640
8496
7358
3468
5485
1953
1303
7462
2418
6817
337
9739
8458
4767
8988
4263
6279
1627
6503
117
3567
2184
6951
1420
1727
2767
4298
3594
278
2734
3530
9921
5135
130
517
9460
1952
4710
889
9712
2717
7529
1201
860
6611
713
9772
1637
7897
6255
9721
6378
8139
5828
7508
7869
3481
6210
9325
8166
5665
671
1899
6648
9272
6786
372
6867
4716
4629
8856
7377
8596
3142
1790
1581
5156
5774
8929
6530
651
607
2317
4529
5437
7355
1243
3858
2807
9125
8090
9586
1346
8218
8104
2608
4812
516
5690
4372
8156
3100
4187
6833
2942
7156
1940
1730
6406
7648
3365
7534
9663
1710
4836
458
5889
567
605
340
9184
4354
2510
3003
4923
5777
3620
4978
2714
6075
2806
8478
2383
7884
1563
7493
3506
3353
4034
5915
5527
6704
6900
5726
2002
1830
459
1539
2067
7975
6815
5736
309
2620
3259
1635
5422
290
6081
6245
9742
2548
8323
4198
7723
2237
1914
2439
6025
4137
5734
2664
7160
9674
6306
5095
7674
5372
8162
8847
9163
7670
276
2603
737
3076
8538
4550
9604
59
4222
998
5380
8867
1293
4903
9454
1537
6689
2917
185
1417
4820
1174
5109
7426
2605
940
1475
6197
5750
6309
2641
5743
9661
6595
7331
9697
8849
5183
7694
8561
9049
8358
9256
4877
3397
2682
7586
6230
7604
8356
3248
6664
4190
2368
5955
4289
2108
565
8328
3570
3333
9613
8224
8407
4272
6072
5695
5625
7839
135
55
3296
1355
3631
6112
3946
9153
9301
3763
5077
9964
732
7227
4983
7887
691
8368
6017
8750
7918
6435
3396
9618
7140
8152
6144
8221
7345
4108
5235
8703
2146
9293
9918
9637
4869
8609
8756
687
2354
2473
3354
7108
1057
590
8542
5373
3987
6920
2804
9579
5544
5604
2041
8426
4789
1060
9615
8248
6483
9144
4470
5331
3262
8324
2622
5564
5352
7252
4564
3973
1340
3813
9644
571
8178
9077
693
8329
3887
5489
794
3655
6023
4659
2463
165
4898
2886
6412
286
5866
4694
1157
7820
1695
7734
4057
6855
8263
8400
4650
1845
4762
5086
2451
8493
650
2349
5742
1038
7998
7337
5577
1418
5459
7867
9745
4269
709
285
9888
8860
8165
6265
6479
7740
3933
8346
8209
2881
6192
2130
6577
5020
6647
8555
791
3338
5275
6398
1658
5693
7487
8801
8408
7037
6248
1508
5138
7997
7585
9140
5159
4683
9347
3719
4723
8470
703
5305
909
1611
7078
9638
6350
132
775
3382
1663
8859
7776
175
8826
2029
792
6941
3502
3261
7429
9523
5882
8813
9409
174
578
1190
6814
4478
2142
1110
3189
6579
3278
4314
4567
4023
3771
9801
2745
8061
9787
4935
4376
2032
9658
6236
7451
9175
4456
1474
6702
4779
2436
8944
8948
9704
9464
19
5724
7815
3039
537
7504
7083
7874
2780
8927
2474
6244
714
3474
4646
7580
1238
3351
2701
6482
5248
5975
2392
4968
5861
2377
9339
2393
195
6517
7458
8991
3182
3499
8604
1502
7920
7640
916
7333
867
4044
7275
5543
6156
5854
8961
8786
6934
8161
6555
8586
7397
9733
7117
3920
5068
893
8760
6658
653
6703
4099
8962
8914
2565
7128
1222
9332
2250
3225
4391
5596
9476
3703
1610
8204
8601
3663
1614
8249
9744
3511
5226
9217
3183
6413
8592
3006
9311
865
1126
6392
9552
7066
9759
2938
5353
4677
774
4303
5052
4736
8084
4675
8733
1907
7642
7172
8812
4547
2389
6217
2
7357
915
7522
7200
771
5839
9115
8385
9240
6621
4497
5089
3473
7618
9533
7165
5906
4632
8671
4591
3154
2485
7525
6275
478
5224
8748
2227
810
5394
1114
9263
5582
3417
5606
4841
469
673
904
903
2379
3754
6668
6486
9639
3313
9440
4961
8882
8694
1908
9045
8391
